38
8
0 0 100 0 100 64 73 64 73 59 46 59 46 64 0 64
4
11 1 13 6 5 11 4 4
6
7 0 11 0 11 16 5 16 3 6 2 2
9
12 37 7 38 0 27 0 11 5 3 12 0 16 1 6 11 6 27
5
2 21 1 2 6 2 6 29 2 29
4
10 4 10 13 1 14 3 5
5
11 1 13 9 6 8 1 6 2 1
5
7 12 2 10 4 1 11 4 11 13
5
3 5 4 0 9 0 11 10 2 9
6
7 20 4 13 1 8 1 2 26 2 26 20
5
27 15 2 15 10 6 22 0 27 0
10
19 1 19 16 10 14 8 21 6 36 7 43 10 53 2 53 2 6 10 6
5
5 8 7 3 16 3 14 10 10 9
5
13 15 4 14 1 3 21 9 20 17
9
3 1 15 1 15 9 20 9 20 33 13 33 13 25 8 25 8 9
4
14 4 9 13 5 11 10 1
5
13 10 4 11 3 6 10 3 15 2
8
8 0 22 15 22 20 15 31 10 31 10 23 3 23 3 0
4
2 3 11 1 13 8 4 8
5
17 20 8 28 2 40 2 26 17 4
4
4 7 7 2 13 2 11 8
6
11 4 15 10 8 14 4 6 1 2 10 0
5
17 4 11 14 1 9 3 5 6 1
6
4 4 10 11 14 13 18 22 14 23 4 13
10
3 20 1 16 4 9 8 2 23 2 25 11 26 16 27 20 17 26 10 26
7
1 45 1 37 2 18 16 3 21 4 6 26 6 45
6
15 11 9 11 3 13 2 4 10 2 15 1
5
3 16 2 7 10 2 11 6 13 13
4
12 5 11 12 2 9 4 2
7
13 9 9 0 28 0 28 22 1 22 1 17 13 17
4
7 7 1 7 1 1 7 1
5
2 12 5 2 14 6 12 11 11 15
4
1 1 10 1 12 9 2 6
4
5 8 2 0 17 2 17 11
4
12 0 10 8 5 8 3 0
9
27 5 19 5 19 17 16 24 11 24 5 20 1 20 1 0 27 0
11
21 27 15 17 12 13 20 13 20 5 25 5 25 51 3 51 3 45 7 46 15 47
6
10 13 4 13 4 9 2 4 6 3 10 9
5
6 3 12 7 9 14 0 10 2 2
